Board State:
board = np.array([
[1, 0, 0, 0, 0, 0, 1, 1, 1]
[1, 1, 1, 1, 1, 1, 0, 1, 0]
[0, 0, 0, 0, 0, 0, 0, 0, 0]
[0, 0, 1, 0, 0, 0, 1, 0, 0]
[0, 0, 0, 0, -1, -1, 0, 0, 0]
[0, 0, 0, 0, -1, 0, 0, 0, 0]
[0, 0, 0, -1, 0, 0, 0, 0, 0]
[0, -1, 0, 0, 0, 0, 0, -1, 0]
[-1, -1, -1, 0, 0, -1, -1, -1, -1]
], dtype=np.int8)


White Moves:
F4->F5
D4->D5
D5->E5
G3->E5
C3->E5
E1->E2
E2->E3
E3->E4
D1->D2
D2->D3

Black Moves:
A9->A8
B9->A9
D6->F4
F6->D4
C9->C8
D9->D8
C7->C6
E9->E8
F9->F8
G7->G6
