Board State:
initial_board = np.array([
[1, 0, 1, 0, 0, 1, 0, 1, 0],
[0, 1, 0, 1, 0, 0, 1, 1, 0],
[0, 0, 0, 0, 0, 0, 0, 1, 0],
[1, 0, 0, 1, 0, 0, 0, 0, 1],
[-1, 0, 0, 0, 0, 0, 0, 0, -1],
[-1, 0, 0, 0, 0, 0, 0, 0, 0],
[-1, -1, 0, 0, 0, 0, 0, 0, 0],
[0, 0, 0, 0, 0, 0, 0, 0, 0],
[0, 0, -1, -1, -1, -1, -1, -1, -1],
], dtype=np.int8)

(white to play)


final_board = np.array([
[-1, 0, 0, 0, 0, 0, 0, 0, 0],
[0, 0, 1, 0, 1, 0, 1, 1, 0],
[0, 0, 1, 0, 0, 0, 0, 0, 0],
[0, 0, 0, 1, 0, 1, 0, 1, 0],
[0, 0, 0, 0, 0, 1, 0, 0, 0],
[0, 0, 0, 0, 0, 0, 0, 0, 0],
[-1, 0, 0, 0, 0, 0, 0, 0, 0],
[0, 0, 0, 0, 0, 0, 0, 0, 0],
[0, 0, 0, -1, -1, -1, -1, -1, -1],
], dtype=np.int8)


White Moves:
B3->B4
C1->C2
C2->C3
C3->C4
B4->B5
B5->B6
B6->B7
I5->G7
A5->B5
B7->A7
B5->A5
C4->E6
A7->A8
A5->C7
A4->A5
A5->A6
A8->B8
A6->A7
A7->A8
A8->A9

Black Moves:
F9->E9
E9->F9
F9->E9
E9->F9
F9->E9
E9->F9
H7->H6
H8->F6
D8->D7
F9->E9
D6->D5
D7->F5
A6->B6
B8->D6
C9->C8
I6->H6
A9->C7
E9->E8
H9->H8
